0, 0.;
1, 17.;
2, 17.;
3, 17.;
4, 17.;
5, 16.;
6, 16.;
7, 17.;
8, 17.;
9, 17.;
10, 17.;
11, 17.;
12, 17.;
13, 16.;
14, 16.;
15, 17.;
16, 17.;
17, 17.;
18, 17.;
19, 17.;
20, 17.;
21, 17.;
22, 17.;
23, 17.;
24, 17.;
25, 17.;
26, 17.;
27, 17.;
28, 17.;
29, 17.;
30, 17.;
31, 17.;
32, 17.;
33, 17.;
34, 17.;
35, 17.;
36, 17.;
37, 17.;
38, 17.;
39, 17.;
40, 17.;
41, 17.;
42, 16.;
43, 17.;
44, 17.;
45, 17.;
46, 17.;
47, 16.;
48, 17.;
49, 16.;
50, 16.;
51, 17.;
52, 17.;
53, 17.;
54, 16.;
55, 16.;
56, 16.;
57, 16.;
58, 16.;
59, 16.;
60, 16.;
61, 17.;
62, 16.;
63, 16.;
64, 16.;
65, 16.;
66, 16.;
67, 16.;
68, 16.;
69, 16.;
70, 16.;
71, 16.;
72, 16.;
73, 16.;
74, 16.;
75, 16.;
76, 16.;
77, 16.;
78, 16.;
79, 16.;
80, 16.;
81, 16.;
82, 16.;
83, 16.;
84, 16.;
85, 16.;
86, 17.;
87, 17.;
88, 16.;
89, 17.;
90, 17.;
91, 17.;
92, 17.;
93, 17.;
94, 17.;
95, 17.;
96, 16.;
97, 16.;
98, 17.;
99, 17.;
100, 17.;
101, 16.;
102, 16.;
103, 17.;
104, 16.;
105, 16.;
106, 16.;
107, 16.;
108, 16.;
109, 16.;
110, 17.;
111, 16.;
112, 16.;
113, 16.;
114, 16.;
115, 16.;
116, 16.;
117, 16.;
118, 16.;
119, 16.;
120, 16.;
121, 16.;
122, 16.;
123, 16.;
124, 16.;
125, 16.;
126, 16.;
127, 16.;
128, 16.;
129, 16.;
130, 16.;
131, 16.;
132, 16.;
133, 16.;
134, 16.;
135, 16.;
136, 16.;
137, 16.;
138, 16.;
139, 16.;
140, 16.;
141, 16.;
142, 16.;
143, 16.;
144, 16.;
145, 16.;
146, 16.;
147, 16.;
